Training starts ....
Epoch 1/3
----------
tensor([[-0.0572,  0.0649],
        [ 0.0113,  0.0692],
        [-0.2629, -0.1632],
        [-0.2026, -0.3499],
        [-0.4592, -0.1845],
        [-0.3071, -0.2656],
        [-0.1968,  0.1527],
        [-0.1905, -0.1721],
        [-0.4212, -0.1912],
        [-0.2890,  0.1151]], device='cuda:0', grad_fn=<AddmmBackward>)
tensor([[-0.0572,  0.0649],
        [ 0.0113,  0.0692],
        [-0.2629, -0.1632],
        [-0.2026, -0.3499],
        [-0.4592, -0.1845],
        [-0.3071, -0.2656],
        [-0.1968,  0.1527],
        [-0.1905, -0.1721],
        [-0.4212, -0.1912],
        [-0.2890,  0.1151],
        [-0.0731,  0.1343],
        [ 0.3231,  0.0555],
        [ 0.3077, -0.2398],
        [ 0.2633,  0.0657],
        [-0.4573, -0.1591],
        [ 0.1293,  0.2926]], device='cuda:0', grad_fn=<CatBackward>)
tensor([[-0.1062, -0.2357],
        [-0.1512,  0.0831],
        [-0.2695, -0.2203],
        [-0.1076, -0.1763],
        [-0.2553,  0.0114],
        [-0.2618, -0.1458],
        [-0.1602, -0.0163]], device='cuda:0', grad_fn=<AddmmBackward>)
tensor([[-0.1062, -0.2357],
        [-0.1512,  0.0831],
        [-0.2695, -0.2203],
        [-0.1076, -0.1763],
        [-0.2553,  0.0114],
        [-0.2618, -0.1458],
        [-0.1602, -0.0163],
        [ 0.1514,  0.0607],
        [ 0.0733,  0.1230],
        [ 0.2976,  0.3663],
        [ 0.3359,  0.2363],
        [ 0.3513,  0.3050],
        [ 0.2996,  0.4317],
        [ 0.1874, -0.2846],
        [ 0.0832, -0.1639],
        [ 0.0776, -0.4026]], device='cuda:0', grad_fn=<CatBackward>)
Train loss 0.7014023661613464 accuracy 2.513529859949258e-05 f1score 0.5294117647058824 lr 3.3513468225042943e-08
tensor([[-0.2140, -0.0633],
        [-0.2260, -0.0803]], device='cuda:0')
tensor([[-0.2140, -0.0633],
        [-0.2260, -0.0803],
        [-0.0526,  0.3365],
        [ 0.0403,  0.2701],
        [-0.0274,  0.3148],
        [ 0.2083, -0.0614],
        [ 0.2118, -0.0525],
        [ 0.1775, -0.0316],
        [ 0.2114, -0.0179],
        [-0.4615, -0.2015],
        [ 0.1094, -0.1179],
        [ 0.1133, -0.1151],
        [ 0.1206, -0.1165],
        [ 0.1360, -0.1034],
        [ 0.0968, -0.1049],
        [ 0.1211, -0.1342]], device='cuda:0')
tensor([[-0.2390, -0.1295],
        [-0.2359, -0.1104]], device='cuda:0')
tensor([[-0.2390, -0.1295],
        [-0.2359, -0.1104],
        [-0.0760,  0.3589],
        [ 0.2475, -0.0025],
        [ 0.2909, -0.0505],
        [ 0.1170,  0.0025],
        [ 0.2414, -0.0520],
        [ 0.2321, -0.0473],
        [ 0.1858, -0.0520],
        [ 0.2108, -0.0346],
        [ 0.2118, -0.0106],
        [-0.3204, -0.2719],
        [-0.4742, -0.2176],
        [-0.4584, -0.2157],
        [ 0.0959, -0.1161],
        [ 0.1572, -0.0823]], device='cuda:0')
tensor([[-0.2463, -0.0780]], device='cuda:0')
tensor([[-0.2463, -0.0780],
        [-0.0591,  0.3310],
        [-0.0429,  0.3525],
        [ 0.0404,  0.2376],
        [ 0.0331,  0.2465],
        [ 0.2191, -0.0423],
        [ 0.2811, -0.1107],
        [ 0.1727, -0.0319],
        [ 0.2026, -0.0632],
        [-0.4761, -0.2136],
        [ 0.1679,  0.2100],
        [ 0.1184, -0.1314],
        [ 0.1306, -0.1249],
        [ 0.0820, -0.1356],
        [ 0.1247, -0.1463],
        [ 0.0973, -0.1336]], device='cuda:0')
tensor([[-0.1775, -0.0642],
        [-0.2325, -0.0866],
        [-0.2319, -0.1138]], device='cuda:0')
tensor([[-0.1775, -0.0642],
        [-0.2325, -0.0866],
        [-0.2319, -0.1138],
        [-0.0505,  0.3196],
        [-0.0369,  0.3309],
        [ 0.3168, -0.0567],
        [ 0.1108,  0.0049],
        [ 0.2486, -0.0638],
        [ 0.1782, -0.0044],
        [-0.4684, -0.2182],
        [-0.4676, -0.2143],
        [ 0.1486,  0.2273],
        [ 0.1928,  0.2076],
        [ 0.2026,  0.2182],
        [ 0.1088, -0.1183],
        [ 0.1146, -0.1116]], device='cuda:0')
tensor([[-0.1956, -0.0593],
        [-0.2137, -0.1205]], device='cuda:0')
tensor([[-0.1956, -0.0593],
        [-0.2137, -0.1205],
        [-0.0532,  0.3550],
        [ 0.1878, -0.0459],
        [ 0.1986, -0.0168],
        [ 0.2767, -0.0104],
        [ 0.1634, -0.0192],
        [-0.4545, -0.2069],
        [-0.4516, -0.2346],
        [-0.2770, -0.2428],
        [-0.4700, -0.2184],
        [-0.3434, -0.2474],
        [ 0.1114, -0.1167],
        [ 0.1230, -0.1427],
        [ 0.1207, -0.1708],
        [ 0.1243, -0.0752]], device='cuda:0')
tensor([[-0.2032, -0.0977],
        [-0.1907, -0.0587],
        [-0.1948,  0.0070],
        [-0.2127, -0.0501]], device='cuda:0')
tensor([[-0.2032, -0.0977],
        [-0.1907, -0.0587],
        [-0.1948,  0.0070],
        [-0.2127, -0.0501],
        [-0.0835,  0.3483],
        [ 0.0552,  0.2560],
        [ 0.1937, -0.0387],
        [ 0.1324, -0.0093],
        [ 0.1837, -0.0396],
        [ 0.1579, -0.0096],
        [ 0.1860,  0.2234],
        [ 0.1001, -0.1275],
        [ 0.0992, -0.1210],
        [ 0.1403, -0.1481],
        [ 0.0967, -0.1451],
        [ 0.1176, -0.0885]], device='cuda:0')
tensor([[-0.0385,  0.3167],
        [ 0.0394,  0.2695],
        [-0.0372,  0.3233],
        [ 0.2278,  0.3465],
        [ 0.1706, -0.0283],
        [ 0.2474, -0.0634],
        [ 0.2111, -0.0368],
        [ 0.1938, -0.0181],
        [-0.4769, -0.2123],
        [ 0.1288, -0.0835],
        [ 0.1435, -0.1083],
        [ 0.1060, -0.1234],
        [ 0.1068, -0.1179],
        [ 0.1096, -0.1147],
        [ 0.1318, -0.1272],
        [ 0.1220, -0.1136]], device='cuda:0')
tensor([[-0.0526,  0.3362],
        [-0.0428,  0.3569],
        [-0.0385,  0.3238],
        [ 0.2215, -0.0948],
        [ 0.2638, -0.0832],
        [ 0.1434, -0.0117],
        [ 0.1690, -0.0484],
        [-0.4641, -0.2115],
        [-0.4784, -0.2268],
        [-0.3620, -0.2537],
        [-0.4629, -0.1958],
        [ 0.2251,  0.1920],
        [ 0.2288,  0.1885],
        [ 0.0991, -0.1189],
        [ 0.1344, -0.1217],
        [ 0.0926, -0.1553]], device='cuda:0')
tensor([[-0.2424, -0.0061],
        [-0.2410, -0.0978],
        [-0.2535, -0.0667],
        [-0.2195, -0.0818]], device='cuda:0')
tensor([[-0.2424, -0.0061],
        [-0.2410, -0.0978],
        [-0.2535, -0.0667],
        [-0.2195, -0.0818],
        [ 0.0289,  0.2625],
        [ 0.2469, -0.0422],
        [ 0.1432, -0.0076],
        [ 0.1420,  0.0036],
        [ 0.1388, -0.0102],
        [ 0.1505,  0.0232],
        [-0.3512, -0.2660],
        [ 0.2084,  0.2081],
        [ 0.2002,  0.2630],
        [ 0.1068, -0.1441],
        [ 0.1228, -0.0984],
        [ 0.1034, -0.1266]], device='cuda:0')
tensor([[-0.1855,  0.0099],
        [-0.1680,  0.0124],
        [-0.2120, -0.0355]], device='cuda:0')
tensor([[-0.1855,  0.0099],
        [-0.1680,  0.0124],
        [-0.2120, -0.0355],
        [ 0.1916, -0.0827],
        [ 0.1375, -0.0040],
        [ 0.2053, -0.0425],
        [ 0.1790, -0.0402],
        [-0.4650, -0.2030],
        [-0.4699, -0.2192],
        [-0.3263, -0.2457],
        [ 0.0685, -0.0925],
        [ 0.1190, -0.1146],
        [ 0.0993, -0.1175],
        [ 0.1199, -0.1280],
        [ 0.1105, -0.1166],
        [ 0.0861, -0.1186]], device='cuda:0')
tensor([[-0.1882, -0.0144]], device='cuda:0')
tensor([[-0.1882, -0.0144],
        [-0.0475,  0.3121],
        [ 0.2427,  0.3526],
        [ 0.2002, -0.0392],
        [ 0.2992, -0.0718],
        [ 0.1841,  0.0133],
        [ 0.2617, -0.0586],
        [-0.4751, -0.2091],
        [ 0.1785,  0.2680],
        [ 0.1577,  0.2535],
        [ 0.1185, -0.1313],
        [ 0.1120, -0.1146],
        [ 0.1050, -0.1262],
        [ 0.1273, -0.1373],
        [ 0.0932, -0.1317],
        [ 0.1413, -0.1250]], device='cuda:0')
tensor([[-0.1946, -0.0825]], device='cuda:0')
tensor([[-0.1946, -0.0825],
        [-0.0570,  0.3054],
        [-0.0712,  0.3232],
        [-0.0683,  0.3196],
        [ 0.2907, -0.0704],
        [ 0.1668,  0.0328],
        [ 0.1355,  0.0042],
        [ 0.2107, -0.0469],
        [ 0.1615,  0.0021],
        [-0.4623, -0.2351],
        [-0.4668, -0.2037],
        [ 0.1191, -0.1397],
        [ 0.1136, -0.1218],
        [ 0.0895, -0.0864],
        [ 0.1216, -0.1145],
        [ 0.1163, -0.1224]], device='cuda:0')
tensor([[-0.2031, -0.0605],
        [-0.1548, -0.0252]], device='cuda:0')
tensor([[-0.2031, -0.0605],
        [-0.1548, -0.0252],
        [-0.0380,  0.3416],
        [-0.0875,  0.3408],
        [ 0.1525,  0.0049],
        [ 0.1598, -0.0752],
        [ 0.2082,  0.0039],
        [ 0.1771, -0.0023],
        [ 0.2681, -0.0600],
        [-0.4683, -0.2201],
        [-0.4729, -0.2165],
        [-0.4777, -0.2167],
        [-0.4683, -0.2234],
        [-0.4710, -0.1969],
        [ 0.1460, -0.1310],
        [ 0.1069, -0.1271]], device='cuda:0')
tensor([[-0.1579,  0.0058],
        [-0.2146, -0.0522]], device='cuda:0')
tensor([[-0.1579,  0.0058],
        [-0.2146, -0.0522],
        [-0.0582,  0.3405],
        [ 0.0332,  0.2472],
        [ 0.2034, -0.0062],
        [ 0.2434, -0.0457],
        [ 0.1623,  0.0147],
        [-0.4771, -0.2265],
        [-0.3168, -0.2289],
        [ 0.1925,  0.2168],
        [ 0.2158,  0.1912],
        [ 0.1171, -0.1297],
        [ 0.1322, -0.1430],
        [ 0.1187, -0.1271],
        [ 0.1168, -0.1443],
        [ 0.1365, -0.1358]], device='cuda:0')
tensor([[-0.2034, -0.0673]], device='cuda:0')
tensor([[-0.2034, -0.0673],
        [-0.0433,  0.3290],
        [-0.0438,  0.3350],
        [ 0.2326, -0.0772],
        [ 0.2212, -0.0564],
        [ 0.3001, -0.0862],
        [-0.4604, -0.2144],
        [-0.4777, -0.2191],
        [ 0.2075,  0.1949],
        [ 0.1965,  0.1959],
        [ 0.1077, -0.1258],
        [ 0.1260, -0.1241],
        [ 0.1107, -0.1528],
        [ 0.1012, -0.1287],
        [ 0.1173, -0.1242],
        [ 0.1228, -0.1025]], device='cuda:0')
tensor([[-0.2358, -0.1011],
        [-0.2145, -0.1130],
        [-0.1980, -0.0760]], device='cuda:0')
tensor([[-0.2358, -0.1011],
        [-0.2145, -0.1130],
        [-0.1980, -0.0760],
        [-0.0468,  0.3472],
        [-0.0390,  0.3320],
        [ 0.1506, -0.0085],
        [ 0.2313, -0.0046],
        [-0.4656, -0.2009],
        [-0.2660, -0.2272],
        [ 0.2063,  0.2032],
        [ 0.1999,  0.2108],
        [ 0.1344, -0.1314],
        [ 0.1158, -0.1264],
        [ 0.0979, -0.1226],
        [ 0.1368, -0.1022],
        [ 0.1312, -0.0963]], device='cuda:0')
tensor([[-0.2352, -0.1036],
        [-0.2204, -0.0644],
        [-0.2234, -0.1136]], device='cuda:0')
tensor([[-0.2352, -0.1036],
        [-0.2204, -0.0644],
        [-0.2234, -0.1136],
        [ 0.0401,  0.2672],
        [-0.0474,  0.3369],
        [ 0.2309, -0.1275],
        [ 0.1730, -0.0285],
        [ 0.1805, -0.0840],
        [-0.4722, -0.2077],
        [ 0.1106, -0.0936],
        [ 0.1172, -0.1084],
        [ 0.0897, -0.1140],
        [ 0.1192, -0.1206],
        [ 0.1358, -0.1128],
        [ 0.1176, -0.1109],
        [ 0.1061, -0.1164]], device='cuda:0')
tensor([[-0.0570,  0.3233],
        [-0.0563,  0.3473],
        [-0.0558,  0.3109],
        [ 0.2627, -0.0596],
        [ 0.1707, -0.0334],
        [ 0.2558, -0.0445],
        [ 0.2112, -0.0373],
        [ 0.1954, -0.0280],
        [ 0.1893, -0.0243],
        [-0.2837, -0.1953],
        [-0.4702, -0.2070],
        [-0.4759, -0.2131],
        [ 0.2064,  0.1773],
        [ 0.1581,  0.2258],
        [ 0.1002, -0.1073],
        [ 0.1148, -0.0703]], device='cuda:0')
tensor([[-0.0513,  0.3121],
        [-0.0415,  0.3369],
        [ 0.2450,  0.3581],
        [ 0.1768, -0.0200],
        [ 0.1931, -0.0584],
        [-0.4683, -0.2196],
        [-0.4682, -0.2099],
        [-0.4505, -0.2019],
        [-0.4731, -0.2160],
        [-0.4741, -0.2292],
        [-0.4642, -0.2106],
        [ 0.1271, -0.1216],
        [ 0.1073, -0.1268],
        [ 0.1091, -0.1424],
        [ 0.1089, -0.1416],
        [ 0.1096, -0.1197]], device='cuda:0')
tensor([[-0.2289, -0.0934]], device='cuda:0')
tensor([[-0.2289, -0.0934],
        [-0.0332,  0.3231],
        [ 0.2673, -0.0543],
        [ 0.1919, -0.0235],
        [ 0.2286, -0.0505],
        [ 0.1205,  0.0084],
        [-0.4597, -0.2169],
        [-0.4670, -0.2130],
        [ 0.1078, -0.1290],
        [ 0.1216, -0.1130],
        [ 0.1284, -0.1229],
        [ 0.1121, -0.1134],
        [ 0.0983, -0.1193],
        [ 0.1046, -0.1206],
        [ 0.1167, -0.1052],
        [ 0.0969, -0.1202]], device='cuda:0')
tensor([[-0.0548,  0.3151],
        [-0.0506,  0.3460],
        [ 0.0322,  0.2467],
        [ 0.2354, -0.0549],
        [ 0.2379, -0.0794],
        [ 0.2633, -0.0770],
        [ 0.2634, -0.0229],
        [ 0.2022, -0.0869],
        [-0.4769, -0.2064],
        [ 0.1891,  0.2133],
        [ 0.2067,  0.2134],
        [ 0.1159, -0.1084],
        [ 0.1150, -0.1386],
        [ 0.1425, -0.1346],
        [ 0.1214, -0.1255],
        [ 0.1230, -0.1009]], device='cuda:0')
tensor([[-0.2444, -0.0836],
        [-0.2192,  0.0074],
        [-0.2089, -0.0911]], device='cuda:0')
tensor([[-0.2444, -0.0836],
        [-0.2192,  0.0074],
        [-0.2089, -0.0911],
        [ 0.1867, -0.0415],
        [-0.4816, -0.2149],
        [-0.4747, -0.2065],
        [ 0.1996,  0.1956],
        [ 0.2025,  0.1968],
        [ 0.0975, -0.1227],
        [ 0.1402, -0.1045],
        [ 0.1130, -0.1169],
        [ 0.1391, -0.1266],
        [ 0.0746, -0.1196],
        [ 0.1270, -0.1307],
        [ 0.0884, -0.1240],
        [ 0.1174, -0.1290]], device='cuda:0')
tensor([[-0.2248, -0.0319],
        [-0.2512, -0.0250]], device='cuda:0')
tensor([[-0.2248, -0.0319],
        [-0.2512, -0.0250],
        [ 0.0395,  0.2468],
        [-0.0546,  0.3405],
        [-0.0456,  0.3208],
        [ 0.3076, -0.0257],
        [ 0.1691, -0.0140],
        [ 0.3074, -0.1017],
        [-0.4887, -0.2127],
        [-0.3722, -0.2639],
        [ 0.1997,  0.2058],
        [ 0.1802,  0.2767],
        [ 0.1775,  0.2332],
        [ 0.0835, -0.1043],
        [ 0.1206, -0.1082],
        [ 0.1098, -0.1300]], device='cuda:0')
tensor([[-0.2051, -0.0505],
        [-0.2238, -0.0368],
        [-0.1709, -0.0493],
        [-0.2072, -0.0527]], device='cuda:0')
tensor([[-0.2051, -0.0505],
        [-0.2238, -0.0368],
        [-0.1709, -0.0493],
        [-0.2072, -0.0527],
        [ 0.0538,  0.2477],
        [ 0.1637, -0.0333],
        [ 0.2626, -0.0390],
        [ 0.2491, -0.0809],
        [ 0.1543, -0.0214],
        [ 0.1767, -0.0446],
        [ 0.2143, -0.0330],
        [-0.4622, -0.2064],
        [ 0.2108,  0.2238],
        [ 0.1625,  0.2373],
        [ 0.1027, -0.1522],
        [ 0.1081, -0.1299]], device='cuda:0')
tensor([[ 0.2077, -0.1271],
        [ 0.2138, -0.0843],
        [ 0.2009, -0.0297],
        [ 0.2024,  0.1962],
        [ 0.1664,  0.2466],
        [ 0.0909, -0.1245],
        [ 0.1106, -0.1294],
        [ 0.0993, -0.1250],
        [ 0.1045, -0.1058],
        [ 0.1166, -0.1039],
        [ 0.1009, -0.1598],
        [ 0.1284, -0.1243],
        [ 0.1017, -0.1126],
        [ 0.1047, -0.1187],
        [ 0.1488, -0.0793],
        [ 0.0946, -0.1154]], device='cuda:0')
tensor([[-0.0338,  0.3408],
        [-0.0778,  0.3261],
        [-0.0473,  0.3397],
        [ 0.2569,  0.3472],
        [ 0.1273,  0.0313],
        [ 0.1778,  0.0144],
        [ 0.2345, -0.0206],
        [ 0.2541, -0.0665],
        [-0.4758, -0.2036],
        [ 0.1990,  0.2056],
        [ 0.1937,  0.2132],
        [ 0.1199, -0.1227],
        [ 0.1055, -0.1138],
        [ 0.1175, -0.1228],
        [ 0.0897, -0.1284],
        [ 0.1311, -0.1451]], device='cuda:0')
tensor([[-0.1948, -0.0564],
        [-0.2221, -0.0971],
        [-0.1538, -0.0448]], device='cuda:0')
tensor([[-0.1948, -0.0564],
        [-0.2221, -0.0971],
        [-0.1538, -0.0448],
        [-0.0570,  0.3303],
        [-0.0337,  0.3537],
        [ 0.1881, -0.0399],
        [ 0.2363, -0.0381],
        [-0.4736, -0.2237],
        [-0.3350, -0.2689],
        [ 0.1351, -0.1592],
        [ 0.0884, -0.1067],
        [ 0.1130, -0.1460],
        [ 0.1152, -0.1354],
        [ 0.0993, -0.1244],
        [ 0.0978, -0.1143],
        [ 0.0985, -0.1196]], device='cuda:0')
tensor([[-0.2012, -0.0074]], device='cuda:0')
tensor([[-0.2012, -0.0074],
        [ 0.0348,  0.2427],
        [ 0.2025, -0.0479],
        [ 0.1687, -0.0279],
        [ 0.2432, -0.0958],
        [ 0.2104, -0.0509],
        [-0.3391, -0.2439],
        [-0.4791, -0.2158],
        [ 0.1534,  0.2297],
        [ 0.1426, -0.1206],
        [ 0.0797, -0.1123],
        [ 0.1358, -0.1259],
        [ 0.1366, -0.1121],
        [ 0.1061, -0.1288],
        [ 0.1488, -0.1488],
        [ 0.1124, -0.1386]], device='cuda:0')
tensor([[-0.2049, -0.0641],
        [-0.2051, -0.1013]], device='cuda:0')
tensor([[-0.2049, -0.0641],
        [-0.2051, -0.1013],
        [ 0.0436,  0.2467],
        [-0.0725,  0.3258],
        [ 0.2276, -0.1190],
        [ 0.2471, -0.0666],
        [ 0.2221, -0.0644],
        [ 0.2269, -0.1076],
        [ 0.2205, -0.0031],
        [ 0.2122, -0.0419],
        [-0.4708, -0.2180],
        [ 0.1290, -0.1252],
        [ 0.1069, -0.1382],
        [ 0.1079, -0.1165],
        [ 0.1278, -0.1376],
        [ 0.1236, -0.1198]], device='cuda:0')
tensor([[-0.2064, -0.0419]], device='cuda:0')
tensor([[-0.2064, -0.0419],
        [-0.0351,  0.3277],
        [-0.0601,  0.3219],
        [ 0.2417,  0.3548],
        [ 0.1288,  0.0176],
        [-0.4650, -0.1994],
        [-0.2969, -0.2269],
        [-0.4717, -0.2151],
        [ 0.1181, -0.1168],
        [ 0.1379, -0.1204],
        [ 0.1022, -0.1505],
        [ 0.1163, -0.1408],
        [ 0.1291, -0.1251],
        [ 0.1124, -0.1182],
        [ 0.1224, -0.1058],
        [ 0.1055, -0.1353]], device='cuda:0')
tensor([[-0.1976, -0.0440]], device='cuda:0')
tensor([[-0.1976, -0.0440],
        [-0.0259,  0.3359],
        [ 0.1980, -0.0150],
        [ 0.2134, -0.0364],
        [ 0.2379, -0.0406],
        [ 0.2296, -0.0706],
        [-0.4756, -0.2164],
        [-0.4723, -0.2188],
        [ 0.2114,  0.2042],
        [ 0.1106, -0.1297],
        [ 0.1344, -0.1425],
        [ 0.1306, -0.1187],
        [ 0.0939, -0.1381],
        [ 0.0992, -0.1177],
        [ 0.1132, -0.1385],
        [ 0.1013, -0.1255]], device='cuda:0')
tensor([[-0.0699,  0.3329],
        [-0.0495,  0.3413],
        [ 0.2147, -0.0149],
        [ 0.2080, -0.0063],
        [ 0.2393, -0.0558],
        [ 0.2020, -0.0445],
        [ 0.2555, -0.0356],
        [ 0.2409, -0.0382],
        [-0.3256, -0.2698],
        [ 0.1753,  0.2593],
        [ 0.1084, -0.1075],
        [ 0.1228, -0.0991],
        [ 0.1178, -0.1314],
        [ 0.1064, -0.1233],
        [ 0.1166, -0.1313],
        [ 0.1198, -0.1411]], device='cuda:0')
tensor([[-0.1963, -0.0851],
        [-0.2060, -0.0955],
        [-0.2139, -0.0877],
        [-0.1599,  0.0622],
        [-0.1598,  0.0006]], device='cuda:0')
tensor([[-0.1963, -0.0851],
        [-0.2060, -0.0955],
        [-0.2139, -0.0877],
        [-0.1599,  0.0622],
        [-0.1598,  0.0006],
        [-0.0507,  0.3344],
        [ 0.0364,  0.2584],
        [-0.0646,  0.3474],
        [-0.0436,  0.3293],
        [ 0.1785, -0.0033],
        [ 0.0963,  0.0215],
        [ 0.1804,  0.2455],
        [ 0.1260, -0.1646],
        [ 0.0999, -0.1110],
        [ 0.1200, -0.0644],
        [ 0.1124, -0.1331]], device='cuda:0')
tensor([[-0.2309, -0.0493],
        [-0.2314, -0.0804],
        [-0.2401, -0.0367]], device='cuda:0')
tensor([[-0.2309, -0.0493],
        [-0.2314, -0.0804],
        [-0.2401, -0.0367],
        [-0.0492,  0.3397],
        [-0.0691,  0.3513],
        [-0.0410,  0.3237],
        [ 0.2705, -0.0390],
        [ 0.2455, -0.0681],
        [ 0.2192, -0.0572],
        [ 0.2693, -0.0078],
        [ 0.1989, -0.0158],
        [ 0.2354, -0.1247],
        [-0.4625, -0.1873],
        [-0.3192, -0.2626],
        [-0.4821, -0.2123],
        [ 0.1254, -0.1146]], device='cuda:0')
tensor([[-0.1560,  0.0157],
        [-0.2036, -0.0712]], device='cuda:0')
tensor([[-0.1560,  0.0157],
        [-0.2036, -0.0712],
        [-0.0764,  0.3477],
        [-0.0459,  0.3333],
        [ 0.0449,  0.2559],
        [ 0.1405, -0.0340],
        [ 0.2010, -0.0300],
        [ 0.1390,  0.0025],
        [ 0.2168, -0.0617],
        [-0.4752, -0.2102],
        [ 0.2044,  0.1916],
        [ 0.1135, -0.1334],
        [ 0.1116, -0.1245],
        [ 0.1374, -0.1095],
        [ 0.0962, -0.1199],
        [ 0.1042, -0.1205]], device='cuda:0')
tensor([[-0.2143, -0.0204]], device='cuda:0')
tensor([[-0.2143, -0.0204],
        [-0.0410,  0.3232],
        [-0.0751,  0.3455],
        [-0.0258,  0.3212],
        [ 0.1918,  0.0115],
        [ 0.1409, -0.0229],
        [ 0.1381, -0.0311],
        [ 0.1772, -0.0412],
        [ 0.2505, -0.0525],
        [ 0.2224, -0.0622],
        [-0.3451, -0.2252],
        [-0.4651, -0.1950],
        [ 0.1071, -0.0856],
        [ 0.1184, -0.1123],
        [ 0.1225, -0.1174],
        [ 0.1518, -0.0495]], device='cuda:0')
tensor([[-0.1732, -0.0749],
        [-0.2201, -0.1017],
        [-0.1998, -0.0652]], device='cuda:0')
tensor([[-0.1732, -0.0749],
        [-0.2201, -0.1017],
        [-0.1998, -0.0652],
        [-0.0193,  0.3225],
        [-0.0224,  0.3369],
        [ 0.1560, -0.0285],
        [ 0.1850, -0.0424],
        [ 0.2250, -0.0458],
        [-0.4714, -0.2063],
        [-0.4628, -0.2111],
        [-0.4649, -0.2070],
        [-0.3370, -0.2355],
        [ 0.1912,  0.2165],
        [ 0.1216, -0.0963],
        [ 0.1040, -0.1194],
        [ 0.1319, -0.1329]], device='cuda:0')
tensor([[-0.2259, -0.0388]], device='cuda:0')
tensor([[-0.2259, -0.0388],
        [-0.0288,  0.3311],
        [ 0.2509, -0.0561],
        [ 0.1634, -0.0585],
        [ 0.2677, -0.0723],
        [ 0.2141, -0.0256],
        [-0.3328, -0.2356],
        [-0.4754, -0.2039],
        [ 0.1804,  0.2320],
        [ 0.0972, -0.1422],
        [ 0.1108, -0.1049],
        [ 0.1196, -0.1405],
        [ 0.1147, -0.1163],
        [ 0.0964, -0.1426],
        [ 0.0979, -0.1068],
        [ 0.0881, -0.0925]], device='cuda:0')
tensor([[-0.2340, -0.0911],
        [-0.2230, -0.1122]], device='cuda:0')
tensor([[-0.2340, -0.0911],
        [-0.2230, -0.1122],
        [ 0.0419,  0.2407],
        [ 0.0159,  0.2503],
        [ 0.2599, -0.0608],
        [ 0.1404,  0.0193],
        [ 0.1673, -0.0480],
        [ 0.2220, -0.0510],
        [ 0.2137, -0.0304],
        [ 0.2822, -0.0692],
        [-0.4705, -0.1996],
        [ 0.1769,  0.2300],
        [ 0.1694,  0.2423],
        [ 0.1079, -0.1178],
        [ 0.1089, -0.1183],
        [ 0.1328, -0.1300]], device='cuda:0')
tensor([[ 0.0423,  0.2518],
        [ 0.0350,  0.2539],
        [-0.0282,  0.3334],
        [-0.0495,  0.3282],
        [ 0.2194, -0.0550],
        [ 0.1384,  0.0159],
        [-0.3215, -0.2437],
        [-0.4595, -0.2212],
        [-0.4497, -0.2368],
        [-0.4549, -0.2062],
        [ 0.2106,  0.1946],
        [ 0.1039, -0.1159],
        [ 0.1233, -0.1378],
        [ 0.0873, -0.1474],
        [ 0.0911, -0.1315],
        [ 0.1252, -0.1294]], device='cuda:0')
tensor([[-0.2332, -0.0717],
        [-0.2357, -0.1024]], device='cuda:0')
tensor([[-0.2332, -0.0717],
        [-0.2357, -0.1024],
        [-0.0367,  0.3421],
        [-0.0301,  0.3229],
        [-0.0391,  0.3504],
        [ 0.2194, -0.0513],
        [-0.4619, -0.2277],
        [-0.4592, -0.2129],
        [ 0.1534,  0.3157],
        [ 0.1349, -0.1171],
        [ 0.1008, -0.1239],
        [ 0.1216, -0.1620],
        [ 0.1344, -0.1211],
        [ 0.1195, -0.1336],
        [ 0.1285, -0.1095],
        [ 0.1172, -0.1080]], device='cuda:0')
tensor([[-0.2316, -0.0741]], device='cuda:0')
tensor([[-0.2316, -0.0741],
        [-0.0955,  0.3357],
        [-0.0366,  0.3296],
        [ 0.0526,  0.2380],
        [ 0.1843, -0.0471],
        [ 0.1909,  0.0012],
        [ 0.2118, -0.0072],
        [ 0.2179, -0.0651],
        [ 0.2241, -0.0517],
        [ 0.1444, -0.0023],
        [ 0.1645, -0.0370],
        [ 0.1808,  0.2239],
        [ 0.1332, -0.1330],
        [ 0.1402, -0.1071],
        [ 0.1191, -0.1332],
        [ 0.1420, -0.0754]], device='cuda:0')
tensor([[-0.2065, -0.0623],
        [-0.2059, -0.0280],
        [-0.2179, -0.0942],
        [-0.2430, -0.0887]], device='cuda:0')
tensor([[-0.2065, -0.0623],
        [-0.2059, -0.0280],
        [-0.2179, -0.0942],
        [-0.2430, -0.0887],
        [-0.0082,  0.3180],
        [ 0.0328,  0.2499],
        [ 0.2131, -0.0248],
        [ 0.2350, -0.0681],
        [-0.4513, -0.2135],
        [-0.4656, -0.2103],
        [-0.4736, -0.2176],
        [ 0.2081,  0.2182],
        [ 0.1580, -0.1104],
        [ 0.1331, -0.1148],
        [ 0.1219, -0.1266],
        [ 0.1238, -0.1289]], device='cuda:0')
tensor([[-0.1907, -0.0483]], device='cuda:0')
tensor([[-0.1907, -0.0483],
        [ 0.0652,  0.2378],
        [ 0.0181,  0.2633],
        [ 0.1396,  0.0140],
        [ 0.1729, -0.0273],
        [ 0.1548, -0.0212],
        [ 0.2201, -0.0235],
        [ 0.1814, -0.0339],
        [-0.3576, -0.2702],
        [-0.1994, -0.1910],
        [-0.3453, -0.2578],
        [ 0.1165, -0.1279],
        [ 0.1181, -0.0975],
        [ 0.1230, -0.1218],
        [ 0.1141, -0.1345],
        [ 0.0888, -0.1353]], device='cuda:0')
tensor([[-0.2296, -0.0968]], device='cuda:0')
tensor([[-0.2296, -0.0968],
        [-0.0628,  0.3248],
        [-0.0694,  0.3532],
        [ 0.2131, -0.0257],
        [ 0.2072, -0.0074],
        [ 0.1304, -0.0019],
        [ 0.1660, -0.0346],
        [ 0.1714,  0.0066],
        [ 0.2429, -0.0752],
        [ 0.1349,  0.0101],
        [ 0.2232, -0.0286],
        [ 0.2483, -0.0254],
        [ 0.0975, -0.1364],
        [ 0.1279, -0.0844],
        [ 0.1316, -0.1416],
        [ 0.1238, -0.1012]], device='cuda:0')
tensor([[-0.0480,  0.3290],
        [-0.0359,  0.3483],
        [-0.0786,  0.3341],
        [ 0.1465, -0.0138],
        [ 0.1369, -0.0057],
        [ 0.1827, -0.0338],
        [ 0.1804, -0.0289],
        [-0.4805, -0.2055],
        [-0.4723, -0.1890],
        [ 0.1264, -0.1206],
        [ 0.1152, -0.1290],
        [ 0.1036, -0.1021],
        [ 0.1237, -0.1093],
        [ 0.1038, -0.1193],
        [ 0.0925, -0.1222],
        [ 0.1093, -0.0999]], device='cuda:0')
tensor([[-0.2414, -0.0774],
        [-0.2265, -0.0914],
        [-0.2220, -0.0497]], device='cuda:0')
tensor([[-0.2414, -0.0774],
        [-0.2265, -0.0914],
        [-0.2220, -0.0497],
        [ 0.0310,  0.2617],
        [-0.0798,  0.3249],
        [-0.0581,  0.3372],
        [ 0.1605,  0.0192],
        [ 0.1622, -0.0191],
        [-0.4748, -0.2058],
        [-0.4670, -0.2167],
        [ 0.1641, -0.1138],
        [ 0.1056, -0.1234],
        [ 0.1156, -0.1376],
        [ 0.1325, -0.1218],
        [ 0.1080, -0.1236],
        [ 0.1127, -0.1208]], device='cuda:0')
tensor([[-0.2175, -0.0856],
        [-0.2493, -0.0918],
        [-0.2188, -0.0805],
        [-0.1948, -0.0464]], device='cuda:0')
tensor([[-0.2175, -0.0856],
        [-0.2493, -0.0918],
        [-0.2188, -0.0805],
        [-0.1948, -0.0464],
        [-0.0610,  0.3216],
        [ 0.2112, -0.0169],
        [ 0.1851,  0.0027],
        [-0.4744, -0.2205],
        [ 0.2127,  0.1970],
        [ 0.1098, -0.1318],
        [ 0.0970, -0.1176],
        [ 0.0774, -0.1409],
        [ 0.1194, -0.1288],
        [ 0.1351, -0.1416],
        [ 0.1207, -0.1162],
        [ 0.1716, -0.1165]], device='cuda:0')
tensor([[-0.2089, -0.0928],
        [-0.1956, -0.0792]], device='cuda:0')
tensor([[-0.2089, -0.0928],
        [-0.1956, -0.0792],
        [-0.0583,  0.3498],
        [-0.0596,  0.3445],
        [ 0.1425,  0.0343],
        [ 0.3137, -0.1219],
        [ 0.2159, -0.0686],
        [ 0.1701, -0.0520],
        [-0.4644, -0.1863],
        [-0.4655, -0.1994],
        [ 0.1324,  0.2685],
        [ 0.1383,  0.2716],
        [ 0.0942, -0.1249],
        [ 0.1035, -0.1215],
        [ 0.1121, -0.1133],
        [ 0.1207, -0.1528]], device='cuda:0')
tensor([[-0.0174,  0.3226],
        [-0.0486,  0.3250],
        [ 0.2380,  0.3395],
        [ 0.2286, -0.0159],
        [ 0.1589, -0.0053],
        [ 0.1639, -0.0258],
        [ 0.2238, -0.0344],
        [-0.2567, -0.2156],
        [ 0.1467,  0.2800],
        [ 0.1832,  0.2574],
        [ 0.1249, -0.1351],
        [ 0.1187, -0.1199],
        [ 0.1266, -0.1216],
        [ 0.1120, -0.1274],
        [ 0.1092, -0.0990],
        [ 0.1060, -0.1276]], device='cuda:0')
tensor([[-0.0418,  0.3318],
        [ 0.0367,  0.2529],
        [-0.0321,  0.3367],
        [ 0.2395, -0.0618],
        [ 0.2556, -0.0598],
        [ 0.1360,  0.0103],
        [-0.4720, -0.2103],
        [-0.4690, -0.2153],
        [-0.4636, -0.2110],
        [ 0.1849,  0.2665],
        [ 0.1314, -0.1282],
        [ 0.1030, -0.1362],
        [ 0.1261, -0.1366],
        [ 0.0995, -0.1379],
        [ 0.1039, -0.1222],
        [ 0.1107, -0.1343]], device='cuda:0')
tensor([[-4.6464e-02,  3.3369e-01],
        [-5.7724e-02,  3.2137e-01],
        [-3.0833e-02,  3.2007e-01],
        [-5.5740e-02,  3.4181e-01],
        [-3.7128e-02,  3.0975e-01],
        [-5.8057e-02,  3.3964e-01],
        [ 2.4799e-01, -4.3005e-02],
        [ 2.6658e-01, -5.7780e-02],
        [ 2.0245e-01, -2.5390e-02],
        [ 2.0664e-01, -9.4685e-06],
        [ 1.8451e-01, -3.4064e-02],
        [ 2.0398e-01,  2.0616e-01],
        [ 1.2035e-01, -1.3348e-01],
        [ 9.1077e-02, -1.1615e-01],
        [ 1.2035e-01, -1.2062e-01],
        [ 9.0961e-02, -1.2260e-01]], device='cuda:0')
tensor([[-0.2143, -0.0949]], device='cuda:0')
tensor([[-0.2143, -0.0949],
        [-0.0505,  0.3351],
        [-0.0268,  0.3192],
        [ 0.0457,  0.2429],
        [ 0.2308, -0.0064],
        [ 0.2178, -0.0246],
        [ 0.1676, -0.0030],
        [-0.4761, -0.1906],
        [-0.4633, -0.2131],
        [-0.4650, -0.1926],
        [-0.4680, -0.2164],
        [ 0.1305, -0.1225],
        [ 0.1570, -0.1095],
        [ 0.0911, -0.1086],
        [ 0.1172, -0.1202],
        [ 0.0917, -0.1091]], device='cuda:0')
tensor([[-0.2093, -0.0847]], device='cuda:0')
tensor([[-0.2093, -0.0847],
        [ 0.0358,  0.2508],
        [-0.0657,  0.3414],
        [ 0.0317,  0.2462],
        [ 0.1976, -0.0252],
        [ 0.3117, -0.0813],
        [ 0.2349, -0.0110],
        [ 0.2517, -0.0698],
        [-0.3487, -0.2327],
        [ 0.1882,  0.2118],
        [ 0.1440,  0.2902],
        [ 0.1073, -0.1091],
        [ 0.0882, -0.1258],
        [ 0.0959, -0.1193],
        [ 0.1136, -0.0958],
        [ 0.1123, -0.1198]], device='cuda:0')
tensor([[-0.2087, -0.0659],
        [-0.2310, -0.0252],
        [-0.2121, -0.0534]], device='cuda:0')
tensor([[-0.2087, -0.0659],
        [-0.2310, -0.0252],
        [-0.2121, -0.0534],
        [ 0.0366,  0.2472],
        [ 0.0492,  0.2384],
        [ 0.0289,  0.2552],
        [ 0.2311, -0.0448],
        [ 0.1379, -0.0161],
        [-0.4732, -0.2157],
        [-0.4742, -0.2275],
        [-0.4713, -0.2259],
        [ 0.1129, -0.1129],
        [ 0.1062, -0.0921],
        [ 0.1256, -0.1513],
        [ 0.0987, -0.1254],
        [ 0.1072, -0.0993]], device='cuda:0')
tensor([[-0.1707, -0.0071],
        [-0.2126, -0.0388],
        [-0.2128, -0.0747]], device='cuda:0')
tensor([[-0.1707, -0.0071],
        [-0.2126, -0.0388],
        [-0.2128, -0.0747],
        [-0.0512,  0.3462],
        [-0.0373,  0.3481],
        [ 0.0561,  0.2292],
        [ 0.1869, -0.0024],
        [-0.3276, -0.2558],
        [-0.3118, -0.2769],
        [-0.3642, -0.2395],
        [ 0.1782,  0.2362],
        [ 0.0975, -0.1301],
        [ 0.1177, -0.1203],
        [ 0.1452, -0.1177],
        [ 0.0930, -0.1370],
        [ 0.1130, -0.1394]], device='cuda:0')
tensor([[-0.0250,  0.3416],
        [ 0.1483,  0.0095],
        [ 0.2544, -0.0557],
        [ 0.1906, -0.0196],
        [ 0.2263, -0.0579],
        [-0.4827, -0.2287],
        [ 0.2235,  0.1925],
        [ 0.1823,  0.2362],
        [ 0.1228, -0.1560],
        [ 0.1042, -0.1361],
        [ 0.1350, -0.1060],
        [ 0.1266, -0.1047],
        [ 0.0832, -0.1303],
        [ 0.1192, -0.0743],
        [ 0.1474, -0.1151],
        [ 0.1172, -0.1126]], device='cuda:0')
tensor([[-0.2236, -0.1051]], device='cuda:0')
tensor([[-0.2236, -0.1051],
        [-0.0553,  0.3254],
        [ 0.1625, -0.0586],
        [ 0.2075, -0.1130],
        [ 0.2356, -0.0884],
        [ 0.2412, -0.0383],
        [ 0.2038, -0.0306],
        [ 0.2026,  0.0063],
        [ 0.1794, -0.0261],
        [-0.3254, -0.2650],
        [-0.4481, -0.2205],
        [-0.4832, -0.2081],
        [ 0.1265, -0.1442],
        [ 0.1464, -0.1352],
        [ 0.1229, -0.1571],
        [ 0.1012, -0.1418]], device='cuda:0')
tensor([[-0.0410,  0.3023],
        [-0.0436,  0.3415],
        [ 0.0448,  0.2568],
        [-0.0538,  0.3400],
        [-0.0425,  0.3222],
        [ 0.1921, -0.0082],
        [ 0.1038,  0.0260],
        [ 0.1487, -0.0062],
        [ 0.2456, -0.0617],
        [-0.4635, -0.2083],
        [-0.4616, -0.2173],
        [ 0.1404, -0.1490],
        [ 0.1209, -0.1206],
        [ 0.1217, -0.1269],
        [ 0.1249, -0.1333],
        [ 0.0913, -0.1166]], device='cuda:0')
tensor([[-0.0405,  0.3327],
        [ 0.2445, -0.0820],
        [ 0.1136,  0.0263],
        [ 0.1274, -0.0096],
        [-0.2782, -0.2433],
        [-0.3424, -0.2478],
        [-0.4648, -0.2150],
        [ 0.2204,  0.1915],
        [ 0.1414, -0.1701],
        [ 0.1136, -0.1159],
        [ 0.1072, -0.1311],
        [ 0.1227, -0.1210],
        [ 0.0980, -0.1014],
        [ 0.0997, -0.1173],
        [ 0.1190, -0.1000],
        [ 0.1014, -0.1586]], device='cuda:0')
tensor([[-0.2181, -0.0818]], device='cuda:0')
tensor([[-0.2181, -0.0818],
        [-0.0365,  0.3392],
        [ 0.2302, -0.0461],
        [ 0.2440, -0.0581],
        [ 0.2131, -0.0545],
        [-0.4638, -0.1985],
        [-0.4734, -0.2210],
        [ 0.2158,  0.2068],
        [ 0.1643,  0.2305],
        [ 0.2128,  0.2191],
        [ 0.2200,  0.2090],
        [ 0.1007, -0.1505],
        [ 0.0936, -0.1377],
        [ 0.1238, -0.1088],
        [ 0.0936, -0.1314],
        [ 0.0816, -0.1159]], device='cuda:0')
